[app/install/install_source_checksum]
version = 7.0.3
modtime = 1525543731.353391000

[app/install/is_configured]
version = 7.0.3
modtime = 1525543731.974958000
