[history/.dummy_history]
version = 7.0.0
modtime = 1517197254.791448000

[ui-prefs/search]
version = 7.1.1
modtime = 1530395728.575644000
