[history/.dummy_history]
version = 7.0.0
modtime = 1517197254.791448000

[ui-prefs/search]
version = 7.3.0
modtime = 1569471478.640722000

[ui-tour/adddata-tour%3Aenterprise]
version = 7.3.0
modtime = 1565008933.110078000

[views/netgear_chicago_router]
version = 7.3.0
modtime = 1569471702.892756000
