[history/.dummy_history]
version = 7.0.0
modtime = 1510074231.778149000

[ui-prefs/search]
version = 7.0.0
modtime = 1510082099.522372000
