[app/ui]
version = 7.1.0
modtime = 1526198766.290116000

[app/launcher]
version = 7.1.0
modtime = 1526198766.298350000
