[app/install/install_source_checksum]
version = 7.3.0
modtime = 1560782928.814456000

[alert_actions/slack]
version = 7.3.0
modtime = 1560783350.375309000

[app/install/is_configured]
version = 7.3.0
modtime = 1560783350.388341000
