[history/.dummy_history]
version = 7.2.3
modtime = 1549557575.577503000

[ui-tour/search-01]
version = 7.2.3
modtime = 1549557577.055485000

[ui-prefs/search]
version = 7.2.3
modtime = 1549557726.045953000

[ui-tour/business-case]
version = 7.2.3
modtime = 1549576195.980151000
