[history/.dummy_history]
version = 7.1.0
modtime = 1525957027.221359000

[ui-prefs/dashboards]
version = 7.1.0
modtime = 1525957066.687170000
