[ui-tour/contents]
version = 7.0.0
modtime = 1510082442.255673000

[ui-tour/showcase_linear_regression]
version = 7.0.0
modtime = 1510082468.125338000

[history/.dummy_history]
version = 7.0.0
modtime = 1510082469.317423000
