[history/.dummy_history]
version = 7.0.0
modtime = 1517342999.879582000

[ui-prefs/search]
version = 8.0.0
modtime = 1573701315.295479000
