[history/.dummy_history]
version = 7.0.0
modtime = 1517342999.879582000

[ui-prefs/search]
version = 7.0.0
modtime = 1517356924.639456000
