[app/install/install_source_checksum]
version = 7.0.2
modtime = 1523763680.727646000

[passwords/credential%3AJonathon%3AJonathon%3A]
owner = admin
version = 7.1.2
modtime = 1536008657.283724000

[app/install/state]
version = 7.1.2
modtime = 1536014486.672427000
